Central Sumba:
  latitude: -9.555181
  longitude: 119.649682
Malaka:
  latitude: -9.512735
  longitude: 124.905442
North Timur Tengah:
  latitude: -9.387957
  longitude: 124.561905